Train Results:
                     Accuracy  Sensitivity  Precision  Specificity        F1       AUC
Logistic Regression  1.000000     1.000000   1.000000     1.000000  1.000000  1.000000
Naive Bayes          1.000000     1.000000   1.000000     1.000000  1.000000  1.000000
Decision Tree        1.000000     1.000000   1.000000     1.000000  1.000000  1.000000
Random Forest        1.000000     1.000000   1.000000     1.000000  1.000000  1.000000
KNN                  0.913212     0.135699   0.976619     0.999639  0.238289  0.959452
XGBoost              1.000000     1.000000   1.000000     1.000000  1.000000  1.000000
MLP_relu             1.000000     1.000000   1.000000     1.000000  1.000000  1.000000
MLP_tanh             1.000000     1.000000   1.000000     1.000000  1.000000  1.000000
MLP_logistic         1.000000     1.000000   1.000000     1.000000  1.000000  1.000000

Test Results:
                     Accuracy  Sensitivity  Precision  Specificity        F1       AUC
Logistic Regression    1.0000     1.000000   1.000000     1.000000  1.000000  1.000000
Naive Bayes            1.0000     1.000000   1.000000     1.000000  1.000000  1.000000
Decision Tree          1.0000     1.000000   1.000000     1.000000  1.000000  1.000000
Random Forest          1.0000     1.000000   1.000000     1.000000  1.000000  1.000000
KNN                    0.9023     0.030485   0.813333     0.999222  0.058767  0.710502
XGBoost                1.0000     1.000000   1.000000     1.000000  1.000000  1.000000
MLP_relu               1.0000     1.000000   1.000000     1.000000  1.000000  1.000000
MLP_tanh               1.0000     1.000000   1.000000     1.000000  1.000000  1.000000
MLP_logistic           1.0000     1.000000   1.000000     1.000000  1.000000  1.000000